+-----------+--------------------+--------------------+--------------------+--------------------+------------------------+---------------------+-----------------------+---------------------+
|    name   |         EN         |         SD         |         SF         |         MI         |          SCD           |         VIF         |          Qabf         |         SSIM        |
+-----------+--------------------+--------------------+--------------------+--------------------+------------------------+---------------------+-----------------------+---------------------+
| 00177.png | 6.979365077549568  |  35.6276085571278  | 6.712603462539233  | 2.623730800412579  |  0.018495083333309847  |  0.9619384817667732 |  0.037210799483460774 |  1.4099106323991186 |
| 02495.png | 6.082884459698989  | 29.825606332498268 | 5.174320794805512  | 3.472607497940106  |  0.32859595723017027   |  0.6840248585113213 |   0.0626374260244189  |  1.3702518455979817 |
| 01963.png | 6.620564194719347  | 29.316724647113656 | 8.608553602764802  | 2.532259118881728  |   0.5232462667386377   |  0.7993640742310505 |  0.01881210870890181  |  1.2884524589795323 |
| 01443.png | 6.568494951590224  | 23.928096357093413 | 7.852265215582577  | 1.9799313108495986 |  -0.1853788499865322   |  0.969876590011709  |  0.03871276161943732  |  1.384491084526882  |
| 00572.png | 6.662367120389166  | 34.777624249759725 | 4.399077923178421  | 2.3473755634131406 |  -0.5579511320918475   |  0.8320829631255418 |  0.02297445371766508  |  1.6605442361967273 |
| 04018.png | 7.124190569866796  | 38.91679005319872  | 4.150503530327053  | 3.4439224921394858 |  -0.7104040986264638   |  0.9823358055580659 |  0.05962831234372896  |  1.4660530431229304 |
| 02119.png | 7.164524385643985  | 43.915697470876346 | 4.660855279041233  | 4.187703447587371  |   0.6056281554968805   |  0.8022817652537841 |  0.04281474782389995  |  1.323024224933333  |
| 01136.png |  6.27628849128549  | 33.988632061281585 | 3.040413217641922  | 3.6053392788282768 |  -0.5845365628368748   |  0.8912138835827701 |  0.06622411672500038  |   1.60774300197799  |
| 02033.png | 6.685082194214785  | 29.32411372006905  | 4.700318101397773  | 3.744138760563869  |  0.14118973410910235   |  0.7107929753813523 |  0.033800458813760745 |  1.3079163570226655 |
| 01981.png | 6.630520387105816  | 29.848616250391302 | 8.541188766482572  | 2.7044688734851423 |   0.5884785561525087   |  0.7311550724713476 |  0.02169313885702518  |  1.2308104161791693 |
| 03473.png | 7.011539662245791  | 34.01492185800238  | 7.6750906743154514 | 2.1738396699333946 |   -0.292294228876391   |  0.7826208495872233 |  0.03783106749624065  |  1.3565682475049372 |
| 00805.png | 6.394391467992481  | 26.42905749823106  | 7.201296529714012  | 2.8296421770004665 |   0.531209967812013    |  0.8414071050041815 |  0.031105317802346086 |   1.3346881956347   |
| 02739.png | 7.199119485471301  | 38.037906495171924 | 7.1294923875499805 | 2.7603313968576217 |  -0.05758530023524169  |  0.6919855745884637 |  0.03980364470014901  |  1.272769749588447  |
| 01437.png | 7.178094028374539  | 37.18535670527173  | 9.110316960689719  | 2.3048299318463306 |  -0.24872517081965734  |  0.9057294593885905 |  0.04024537407519284  |  1.3242077726601729 |
| 01531.png | 6.696969782897409  | 40.85786230665757  | 5.523362351318552  | 3.945298182178151  |  0.29510380459177005   |  0.7024941551744734 |  0.03329135481771163  |  1.380797412450562  |
| 00000.png | 6.774428297994012  | 31.51586709139377  | 6.496822630067073  | 2.3738983375886855 |  -0.2505637793269436   |  0.8463277573003174 |  0.021522684983147137 |  1.442072745520457  |
| 00390.png | 6.747780132140842  | 35.19592795082138  | 4.057797097372607  | 2.241223674666238  |  -0.6650810912682339   |  1.052982254469106  |  0.04302612870961924  |  1.6331156815371486 |
| 01587.png | 6.569829538437103  | 29.95439558664189  | 6.322386983791507  | 3.108034748589534  |   0.5820357593805588   |  0.8121537273484031 |  0.03188116566391136  |  1.3943514614096062 |
| 00826.png | 6.848508975646327  | 32.89433313563819  |  4.00348099819982  | 2.928133827205981  |  -0.3230569469711723   |  0.8597761233293899 |  0.02573928379422807  |  1.6592815389893536 |
| 00325.png | 6.889156058446648  | 44.40980532498378  | 2.6314930021774816 | 3.566547023895901  |  -0.6399968620786082   |  0.9584337296936645 |  0.05437929698200315  |  1.627543873930758  |
| 03173.png | 6.503589103903826  | 35.69757702117489  | 6.435517850395632  | 3.1928322677242105 |   0.2700785295128292   |  0.7788761404892974 |  0.04501371560469494  |  1.3052804647347884 |
| 03836.png | 6.631665792197363  | 31.764927125778442 | 6.171489058604378  | 2.973802366408473  |  0.24379254669905248   |  0.7210449290647988 |  0.04083944020086531  |  1.363347104314184  |
| 01929.png | 5.920548852499414  | 43.021308379480956 | 4.877769572898907  | 1.4596550269563437 |   -0.444766084828972   | 0.18770343717739535 | 0.0014185529357347829 |  1.043018498973619  |
| 00878.png |  6.64504990852872  | 31.668964209451282 | 8.278338913176952  | 2.476233720404048  |   0.3154217438078223   |  0.8008672616769725 |  0.02007074219006764  |  1.287224732618772  |
| 02544.png | 6.673593517799122  | 40.611659303370146 | 3.2720091287728295 | 3.0188238528084588 |  -0.4268970807349498   |  0.9514221755455621 |  0.054383695773377295 |  1.7824866109868591 |
| 03589.png | 6.753292338961339  |  33.2678120856928  | 5.512673101404135  | 3.375340766783653  |  0.09542173112463125   |  0.6500271398014401 |  0.054658388197148494 |  1.2335900004821767 |
| 02464.png | 6.046335579870497  | 30.361023610439215 | 5.5307251575794245 | 3.0485434104719418 |  0.09859701598489491   |  0.6284994208308284 |  0.06354084980266883  |  1.3210663255005233 |
| 01919.png | 5.9197285555187715 | 43.27199193787598  | 4.878336407484173  | 1.4746591109982636 |  -0.41660422231427857  | 0.17399070125025612 | 0.0012574107676162237 |  1.0437246783642515 |
| 01977.png | 6.625544353122594  | 29.840798963462454 | 8.506851178534815  | 2.7009702290888318 |   0.6424747968625472   |  0.7371577874629854 |  0.022185196013981865 |  1.2334957539029767 |
| 01803.png | 6.289053687633333  | 40.62656190594256  | 5.060952627875108  | 2.2977645994970146 |   0.7137697434998971   |  0.3706686172093555 |  0.009511780045561429 |  1.2258149280031658 |
| 01115.png | 6.107488819809815  | 27.94037591229648  | 3.523242556272589  | 3.1808300500783346 |  -0.5244143401673883   |  0.8244559377340415 |  0.046122013888196256 |  1.6054670930199955 |
| 01432.png |  7.40860468193809  | 42.53588490686087  | 9.909888565723682  | 2.3226316738602586 |  -0.3149126714649283   |  0.8404764213735121 |  0.03578914112194774  |  1.273587275530554  |
| 00339.png |  6.57074360251353  | 32.35538849528757  | 2.9277807631321036 | 2.606085561686693  |  -0.7199980641201955   |  0.9509265705997695 |  0.05079359208509536  |  1.725715984304606  |
| 01807.png | 6.2887844662923555 | 40.82748342720925  | 5.0761782413401795 | 2.326809056806521  |   0.7361518510038549   | 0.38662644546202973 |  0.008142892952728385 |  1.217088613136219  |
| 01267.png | 6.6280943423838865 | 36.37005904894977  |  3.49053532983516  | 3.065188921969638  |  -0.3903877731993672   |  1.0172610056275393 |  0.07536307698426037  |  1.6328945281804297 |
| 01165.png | 6.523689713214686  | 26.62076068575739  | 3.020106370298686  | 3.219611057279222  |  -0.6980164444597386   |  0.9654929320425614 |  0.07262884704688395  |  1.631386354788677  |
| 02045.png | 7.125269782458033  | 41.99048665898071  | 6.529449177807899  | 3.3261481224372655 |  0.29989213961084477   |  0.6707056554489356 |  0.022367480589511272 |  1.2647566439734363 |
| 01724.png | 5.867720365507271  | 27.825112727845514 | 5.844222170468308  | 2.733270213892278  |  0.13565435217395533   |  0.6803705065357296 |  0.04254590347774536  |  1.355114861767305  |
| 02611.png | 6.305992847068411  | 29.332631213388563 | 4.919588089121045  | 4.014414639408306  |  0.03460640438353821   |  0.7213909203810601 |  0.09901008732865729  |  1.2999212849066626 |
| 03260.png | 6.244666851847289  | 30.206096142426485 | 6.1539843930901705 | 2.8215758440752214 |  0.004985279342445859  |  0.6665514883852752 |  0.05984119412871256  |  1.2585657814875264 |
| 01856.png | 5.3724730796060935 | 13.630069299279876 | 4.375600812371558  | 2.8846372319070834 |   0.6239862279669848   |  0.7144883953285386 |  0.09998991848834916  |  1.3822498923419422 |
| 03462.png | 7.0045817723815125 | 40.23999872439746  | 7.461562708559736  | 2.8814124293935826 | -0.026835589589187248  |  0.6857592099312635 |  0.035507467686552004 |  1.231918638273259  |
| 03281.png | 6.689991783257241  | 34.95891846950113  | 7.363103526070453  | 2.9458357625724667 |  -0.1550874356070925   |  0.6405220943820372 |   0.0432375241322652  |  1.2130035605648826 |
| 01779.png | 6.120456266185678  | 34.416144862722504 | 5.179578131212991  | 3.381497445783449  |  0.37859512658484357   |  0.676197474385184  |  0.047863389826355414 |  1.3966646517253236 |
| 03878.png | 6.886389569974681  | 42.75842977742907  | 5.085961383999668  | 2.5376101222137706 |  -0.43909924723029403  |  0.9285696899299398 |  0.038213699516925756 |  1.4664779464301185 |
| 00818.png | 6.391736542107911  | 27.22182846411787  | 7.272420898066913  | 2.8521963128039935 |   0.5531184710908714   |  0.8537181567710498 |  0.026894239220833158 |  1.3354633227391532 |
| 02090.png | 7.154878669831874  | 42.25264305452428  | 6.884565067973414  | 3.1842658112268034 |   0.5103587817554557   |  0.6887116208663456 |  0.024139945484567816 |  1.2568694549432848 |
| 00434.png | 6.7765682261393225 | 36.043459293331736 | 4.5744419652765105 | 2.648463878536684  |  -0.4843672470336652   |  0.8921512292245433 |  0.029005479225712425 |  1.6182874238049583 |
| 04092.png | 6.838368327314666  | 38.85312813796954  | 5.0221186946474425 | 2.4919493838905296 |  -0.4697458639786434   |  0.8727017015777788 |  0.026702375732562122 |  1.5498699772005766 |
| 00871.png | 6.608587660680771  | 29.105049682362754 | 8.335104275901513  | 2.4440224397372567 |  0.35310051503373185   |  0.8022145220459967 |  0.02097276016185551  |  1.276776898837179  |
| 04006.png |  6.78801244447819  | 39.084769551913595 | 4.702361616863201  | 2.893526611230266  |  -0.5495594233400589   |  0.7942241524243114 |  0.02310500786482518  |  1.5313487577982077 |
| 00419.png | 6.561107993573997  | 33.795289073313405 | 4.073673360504369  | 2.127746741167182  |   -0.892188256210807   |  0.7896017707847434 |  0.018781594069735355 |  1.6116949963746279 |
| 01527.png | 7.138423203535429  | 36.09349209181386  | 10.641396285629702 | 1.893552477730898  |  -0.2807013310621222   |  0.7390779175597084 |  0.009642955636188742 |  1.1873287497542928 |
| 02641.png | 6.3660316043146405 | 50.108724636529914 | 4.570858996443784  | 1.2798750703328896 | -0.015489796943588527  | 0.16894027527880318 | 0.0013974751511031363 |   1.09391192787262  |
| 03575.png | 6.627711624266731  | 37.38781536317462  | 7.344447043372415  | 3.1627168954356795 |   0.4446715171562641   |  0.6255403418395623 |  0.03306793130978148  |  1.1912796152414753 |
| 00857.png | 6.848154152298648  | 35.99748434517837  | 3.3918256217606815 | 3.7559454929537983 |  -0.3073491693537399   |  0.9049756903700799 |  0.04145097569400572  |  1.647847099692846  |
| 01741.png | 5.859887237232824  | 27.95353189859447  | 5.860105599996485  | 2.720451998087245  |   0.1162747530292833   |  0.6811223398936106 |  0.042579600050031315 |  1.3511932703799108 |
| 02394.png | 6.182908918010869  | 25.360197922381012 | 3.4405707749740557 | 4.474493224441732  |  -0.20907315605640153  |  0.5893835772031875 |  0.12569265032937932  |  1.3364653832954336 |
| 01861.png | 5.423957390079561  | 13.886712836105282 | 4.514058799149172  | 2.8548771824121864 |   0.6101381073905875   |  0.7319908840626982 |  0.09476632741723602  |  1.3849114086735554 |
| 00497.png | 6.531170682273903  |  38.636025976889   | 4.308625515754902  | 2.3403892037533383 |  -0.5463954036675608   |  0.9014652012710882 |  0.025677834083601664 |  1.6266858750630253 |
| 01996.png | 6.651929639494958  |  27.8379564682612  | 5.059077372039663  | 3.7934042843187794 |   0.3689098084218116   |  0.7459520653531138 |  0.036617517817069185 |  1.3160222896941534 |
| 00118.png | 6.419129364024302  | 24.206557560177426 | 6.040470625090896  | 2.370886247682372  |  -0.03151348904551332  |  0.8946975116548349 |  0.05491584126238543  |  1.431399406860262  |
| 01462.png | 7.312759341133437  | 59.46040925495885  | 5.032222316581715  | 3.0203512944302244 |  0.08980128501133863   |  0.9153327030487876 |  0.018739463914727725 |  1.5772655374592708 |
| 02249.png | 6.572965596999333  | 32.70271919901834  |  5.37709666068159  | 3.6915183792506787 |  -0.07619895074757962  |  0.6761635592799455 |   0.0647394410232082  |  1.2799025696519621 |
| 00306.png | 6.163863314996985  | 25.839484817083203 |  4.27506446422275  | 2.9692985123002336 |   0.6238325251741397   |  1.014350120105661  |   0.0661614210455014  |  1.596017525189147  |
| 02083.png | 7.186575887520648  | 43.20331320033014  | 6.826155867890899  | 3.1749587266764894 |   0.4487817950221733   |  0.6977641704010937 |  0.02336709137375112  |  1.2644250572613058 |
| 01937.png | 6.709971875252993  | 31.309251266633822 | 8.606035367730994  | 2.6463769195246383 |   0.4639155322172511   |  0.8083188513419465 |   0.0224174443113378  |  1.2869169081808884 |
| 01147.png | 6.296392406091897  | 32.21352524052092  | 2.888943892425727  |  3.76125827882212  |  -0.6782512233293736   |  0.9692758214294135 |  0.07486523461572002  |  1.6231195344581597 |
| 00687.png | 6.7917717211041735 | 33.63107190304159  | 4.3938422626558244 | 2.629110203910891  |  -0.7911728831590338   |  0.8983013046122412 |  0.02335131017617062  |  1.6295345309997584 |
| 01249.png | 6.256150365155552  | 22.656616981866573 | 3.1778899682579995 | 2.211592548246616  |  -0.8719263758466251   |  0.8970532424653459 |   0.0464429489633656  |  1.7115158993316937 |
| 00994.png | 6.366578261104803  | 26.96313033290119  | 4.406500564329735  | 2.7550501841232986 |  -0.1437749777059806   |  0.8101951705138546 |  0.024099358493882596 |  1.585994053372116  |
| 00643.png | 6.600692912011322  | 28.28398272192199  | 3.456442554537239  | 2.4991335024513672 |  -0.9700366952096632   |  0.7503058123858424 |  0.036480407678505286 |  1.661031373589613  |
| 01707.png |  6.71218730735757  | 30.777951467423172 | 7.6470937297960635 | 2.560185362993902  |  0.22334912715017635   |  0.8174980057133516 |  0.035427021532679535 |  1.3775702174591018 |
| 00112.png | 6.457783109044184  | 25.809665769191007 | 6.172235303563862  | 2.452231922395306  |  0.08667325783146074   |  0.8977901659291966 |  0.05349192335002135  |  1.4213480806327368 |
| 00042.png | 6.390619322749671  | 26.216339714593488 | 5.681469627905293  | 2.671545579564212  |  0.36436126904020083   |  0.894213328778412  |  0.05339929245834369  |  1.4894546061445006 |
| 00400.png | 6.843735186547221  | 31.581476987322368 | 5.419743949020808  | 1.9441483307864011 |  -0.45890353507046094  |  0.8990184748361838 |  0.01778893975140293  |  1.5410932459625832 |
| 01242.png | 6.284140484210792  | 25.888932969239416 | 3.7366364278458053 | 2.201794431507798  |   -0.826117228647715   |  0.8838676699720216 |  0.03076017938956476  |  1.6941021858087235 |
| 01227.png | 6.481228300427542  | 26.819667317801304 | 5.060308093771414  |  2.38809143512868  |  -0.42276668877100343  |  0.8971517531640779 |  0.030165378863356098 |  1.5971522267492375 |
| 02142.png | 7.144605945610834  | 43.97555461715601  | 5.328020630841902  | 3.651381810983386  |   0.4618135516563937   |  0.6774814725335054 |  0.052980526156071545 |  1.3104673002509588 |
| 02816.png | 7.201826331503082  | 42.01455577234997  | 8.002234416914987  | 3.1848523961820816 |   0.3210689966517643   |  0.7750794414731486 |  0.06958971532101664  |  1.2524186447804944 |
| 01783.png | 6.122194256693574  | 34.421684648623035 | 5.200694308401295  | 3.3752210796058186 |  0.38357149029874227   |  0.6790356480659911 |  0.04737361988166287  |  1.395573995989885  |
| 02450.png |  6.26942369692343  | 32.872449927460636 | 5.287009994727525  | 3.3922302557088435 |  -0.05041175528439502  |  0.6785553743172016 |  0.05655434139471654  |  1.3269495581354196 |
| 00025.png |  6.20374570394126  | 23.266836777202144 | 5.246575117231822  | 2.572116107298391  |  0.28785408992838024   |  0.8917411015363683 |  0.04926448578675427  |  1.539323075206993  |
| 02556.png | 5.578688421126456  | 21.37822412408941  | 4.734920262938697  | 3.275397261129642  |  -0.15848371719648094  |  0.6323258566237986 |  0.10552694128366584  |  1.3313603218974746 |
| 01547.png | 6.683682590801731  | 40.78461924421001  | 5.537700683587133  | 3.9337448620169813 |  0.30454416857124283   |  0.6907956382637073 |   0.0326207047511667  |  1.3808786352628255 |
| 02709.png | 6.830535609572904  | 31.834501387646654 | 6.885911711227066  | 3.438675866222255  |  0.31243927900487495   |  0.7817793082881018 |  0.059316723725796966 |  1.234568351347574  |
| 00061.png | 6.432210951456502  | 27.658493661667904 | 4.799286376262692  | 2.9462366735711707 |  0.18796049144552118   |  0.8224813714317494 |  0.03134311848175292  |  1.5661009663208985 |
| 01562.png | 6.681411861793239  | 40.78711826716574  |  5.56075031651738  |  3.93742884903791  |   0.297745688188226    |  0.6889315404075873 |  0.03233717923064422  |  1.3821559544689124 |
| 02530.png | 7.122361805432043  | 67.14118115405522  | 6.025637360399876  | 3.3124417769749197 |  -0.5544076190743242   |  0.8317685382836173 |   0.0475858093876584  |  1.4112038506936835 |
| 00801.png | 6.423746470232099  | 25.68877734638349  | 7.2501242552640255 | 2.807204374511256  |   0.5186518678263623   |  0.8599598434707124 |  0.028994220153051135 |  1.3319809426850318 |
| 03417.png | 6.878756625327009  | 36.72962247769896  | 8.072748764553339  | 3.0843703088967525 |  -0.09066466448087482  |  0.6487727047124385 |  0.03449870214888268  |  1.220479504283552  |
| 02896.png | 6.677813281188122  | 47.116505399431105 | 7.160757556773045  | 0.5384714730409434 |  -0.08517946376844224  | 0.11970802614497922 | 0.0012596702055393187 |  0.607446369202391  |
| 02778.png | 6.476408750002747  | 22.906043725227562 | 3.690951948670616  | 2.317842479672115  |   -0.95738145746965    |  0.9393262817744721 |   0.0283869813029983  |  1.6391876508447174 |
| 01204.png | 6.146687821866588  | 23.65384535316473  | 5.214172084527808  | 2.772587991710282  |  0.20452704699842023   |  0.8561398094462178 |  0.04080160793547434  |  1.5117217989736171 |
| 01388.png | 5.358712986899528  | 20.290129700732543 | 4.275636267759124  | 2.6246973558092117 |   0.4492190372280302   |  0.6561553214617413 |  0.07228946771850579  |  1.413859701754516  |
| 00082.png | 6.632865089665131  | 26.43988195155697  | 5.806766166195848  | 2.444833446920672  |  -0.07181556144501203  |  0.9157248312334718 |  0.06620167615773012  |  1.4886994077532032 |
| 01122.png | 6.350751953635198  | 31.47011993246011  |  3.30151052528105  | 3.556352992161756  |  -0.5278555793613782   |  0.8568302499705837 |  0.051578024042809985 |  1.6104154644325182 |
| 02606.png | 6.320186031831669  | 30.173139386074848 | 4.634562546566854  | 4.223150761953384  | -0.060635678003507845  |  0.6866892067788787 |  0.10897198432038818  |  1.2750324629730432 |
| 00697.png | 6.679932644142193  | 29.33386418849213  | 3.8633818259869175 |  2.31047681596682  |  -0.8425831125293508   |  0.8422087471013193 |  0.015268181333188304 |  1.6761141411602805 |
| 00453.png | 5.981844409496873  | 21.216037428203073 | 3.848841763766491  | 1.972860927055383  |   -0.826203459601324   |  0.8504882401896017 |  0.03165213489399945  |  1.6263940409468074 |
| 00958.png | 6.4813943366964475 | 29.451699390268107 | 4.569168656990829  | 2.6037308007240623 |   0.3568451522720747   |  0.8263842062481762 |  0.023141916075731683 |  1.5590752376152088 |
| 02527.png | 6.880561496416662  | 58.291178115425666 | 6.995701427480342  | 2.7610431528009296 |  -0.5505455198002343   |  0.7344159502469831 |  0.033249674683398976 |  1.2858128148531485 |
| 02236.png | 6.230776100843345  | 28.658283598442306 | 5.393444432276426  | 3.6991151713107984 |  0.27259642693843467   |  0.6192713428729799 |   0.0668919103593004  |  1.2837718631765513 |
| 00800.png | 6.374523756064122  | 20.798098103061395 | 6.191449255495176  | 1.9550602416615586 |  -0.26584244492881215  |  0.7514424583658069 |   0.035649652976221   |  1.2857236471159645 |
| 01101.png | 6.520117320301475  | 25.347753067216118 | 4.582961000746395  | 2.5379952615133643 |   -0.533830517005412   |  0.8735428334861018 |  0.016758161914293704 |  1.6265831237182953 |
| 02317.png | 6.677634866447591  | 40.820214982828816 | 5.6222979084050335 | 3.966271787977221  |  -0.28087812820269725  |  0.6334283178978586 |  0.05251511493379087  |  1.252541547890913  |
| 01579.png | 6.675182180512183  | 40.89002122719824  | 5.543439151659018  | 3.932802567869313  |  0.29752668230324375   |  0.6754851400904522 |  0.03190137561861993  |  1.3862685010198332 |
| 00834.png | 6.8764624591261505 |  36.3392425966622  | 3.891612174586872  | 3.072879315617711  |  -0.3078271408110122   |  0.9099464145299949 |  0.029228960140423955 |  1.668491935372796  |
| 01985.png | 6.058175447073547  | 27.57065448105273  | 6.386590626614758  | 3.0526919099697443 |   0.7894097389104264   |  0.7360870155381175 |  0.035757190261917704 |  1.3163649118275578 |
| 00071.png | 6.362332163886591  | 27.896315804349868 | 4.658592566434898  | 3.0305272958470306 |  0.24389741290208106   |  0.8313767575527347 |  0.031211374211177187 |  1.566494071486444  |
| 02102.png | 7.285999716806084  | 51.34337912027434  | 4.286155592614224  | 4.362292581992746  |   0.3781709154623314   |  0.8469023642052642 |  0.04580779953279992  |  1.3722669624089558 |
| 01599.png | 6.645286166286666  | 30.764525626813576 | 6.3890264782694235 | 3.1136979810730474 |   0.5484091586082974   |  0.8321998873943902 |  0.032245540265499424 |  1.407925412135835  |
| 01806.png | 6.309920880419636  | 40.530374652232624 | 5.246271830156719  | 2.2839882620827026 |   0.7194186868413897   |  0.3838156181825274 |  0.007982194302053953 |  1.2011600854650784 |
| 03989.png |  6.58180170349785  | 36.936618379743365 | 5.717461913018253  | 2.532616701138207  |  -0.13871273981751386  |  1.013923325130306  |  0.03213902935638104  |  1.4576277446529233 |
| 01947.png | 6.654269781104144  | 29.90504911343904  | 8.636532753231196  | 2.551790514113022  |   0.5241163407829889   |  0.8048101009955949 |  0.018736022834400786 |  1.2845714469514151 |
| 01773.png | 6.1235525079178625 | 34.35206782337259  | 5.192154680939242  | 3.381677017069084  |   0.3815968648698098   |  0.6758253609740814 |  0.047559660615363535 |  1.3980529616884478 |
| 02002.png | 6.835993114475156  | 31.67948449894241  | 4.434208588185404  | 3.8950774032857676 |  0.46533160272606927   |  0.7127803341457106 |  0.04450870304565835  |  1.3258376605824964 |
| 00653.png | 6.5618375220616105 | 27.772705518159547 | 3.8442509040050035 | 2.295419787688439  |  -0.8664172526127133   |  0.9229399797138884 |  0.019894649809134225 |  1.6865425589158256 |
| 00353.png | 5.861661829829259  | 18.719085874632853 | 3.5843257159840163 | 2.337399662105401  |   0.6412444213301057   |  0.778001827924761  |  0.03644176706981691  |  1.5835436543334938 |
| 00825.png | 6.779844181354531  | 31.640070638727966 | 4.062872102958763  | 3.118064203047667  |  -0.37051645309477743  |  0.936625709267574  |  0.029989239581658264 |  1.6606786024474431 |
| 00922.png | 6.223490191771081  | 23.628493237872448 | 4.901026973448857  | 2.4707654646888675 |   0.3272823754389531   |  0.7743471768317631 |  0.03165690810550106  |  1.5057473351202244 |
| 00284.png | 6.2444721598121395 | 26.907547023417177 | 4.2632500426905775 | 3.055160130272113  |   0.5906326844098251   |  1.0055732627822804 |  0.05600250561840603  |  1.6159186408203865 |
| 01422.png | 7.474227192020931  | 44.63258944722846  | 10.852642489894066 | 2.3333875237889288 |  -0.3086462287764948   |  0.8254339251124649 |  0.040290028060448305 |  1.1843489400167995 |
| 00385.png | 5.833891367353224  | 18.833267879457257 | 3.5380810486226646 | 2.3180027853049543 |   0.6759982706201623   |  0.7663875568662555 |  0.037463287159341406 |  1.5892335587373836 |
| 03433.png | 6.751469624515219  | 35.97258175821528  | 5.870758302343454  | 3.2586343176570134 |   0.3800704900821482   |  0.7079760314406606 |  0.047749434804901306 |  1.3628768120871015 |
| 00652.png | 6.172418136703019  | 21.78795611055714  | 2.987309202696657  | 2.1526199307529823 |  -0.9699355116835159   |  0.7415481955613923 |  0.03882329813698542  |  1.6951072488351124 |
| 00677.png |  6.77757300261819  | 30.841938003338516 | 4.490278477245666  | 2.493496956124331  |  -0.7094455074494963   |  0.8988908436381207 |  0.025369406483179736 |  1.6247605595308472 |
| 01911.png | 5.367957695324902  | 17.485869700896238 |  3.87835288613698  | 3.0270878947708892 |   0.2976262938508408   |  0.5869663024358474 |  0.07864786320432325  |  1.468262080083157  |
| 00232.png | 6.601281401197697  | 30.014020877478913 | 5.762733694982011  | 2.6608148980454382 |  0.03812046663962704   |  0.944137501660419  |   0.053892417058139   |  1.4522157999364809 |
| 00215.png | 6.713088639184607  | 32.121584005979635 | 6.1222646494999795 | 2.7430508900533024 |   0.1717156867063513   |  1.0554102910014855 |  0.07823770791947844  |  1.3864310249750909 |
| 01899.png | 5.361178061814033  | 17.53850732095364  | 3.8750273173543683 | 3.0164607693907373 |   0.3200859417415704   |  0.5791706811465511 |  0.07816925617139792  |  1.4689592190497902 |
| 00976.png | 6.2849836362634015 | 26.58679468403059  | 4.425341141813789  | 2.7349110936920447 |  -0.1022043066930873   |  0.7975345028504204 |  0.022692328404445388 |  1.5891852867395149 |
| 02322.png | 6.4114660798598795 | 31.738911548791947 | 5.075604060230926  | 3.7321999714435554 |  -0.2560306734252228   |  0.5912621591308193 |  0.05244734245392873  |  1.2633290716831933 |
| 01079.png | 6.720538872096799  | 30.842142505962418 |  4.29585416455666  | 2.7066065764537646 |  -0.48535745120937634  |  0.9948897614496267 |  0.014887707483762535 |  1.6462903121716264 |
| 01954.png | 6.633686723830807  | 29.40359247275125  | 8.606209771980478  | 2.5278555178963513 |    0.5202000412545     |  0.7940444508742313 |  0.019306666373526557 |  1.2875094216093217 |
| 00242.png | 6.556302872310934  |  30.4565920285144  | 4.962697352379954  | 2.8752904315657193 |  -0.03831200218750966  |  0.9338353550675793 |  0.06746767057764393  |  1.5250608053922143 |
| 03109.png | 6.567273313406617  | 34.23252684739048  | 6.003849193574414  | 3.630978555831809  |   0.4501727210191153   |  0.7607158520834594 |  0.034884716928453026 |  1.303863208132276  |
| 01223.png | 6.643589272813995  | 29.50430775037249  | 5.569444251027935  | 2.5069500879295847 |  0.11470139959706549   |  0.8969740628492948 |   0.0269469544454399  |  1.4992735932777976 |
| 00159.png | 6.651683869562595  | 30.927002350838702 | 6.029346736017822  | 2.5099456938732216 |  -0.11401486505029867  |  0.929347221820443  |  0.05031890909969623  |  1.4320766076185214 |
| 01415.png | 7.4624472034902105 | 44.37369859090814  | 10.841449390210549 | 2.374361939570412  |  -0.33428445042227484  |  0.8240992026160152 |  0.040030904997357536 |  1.1872386665026675 |
| 01406.png | 7.4716878228162695 | 44.74924910734807  | 10.84485506405792  | 2.333529739366467  |  -0.32370565984578165  |  0.819262774307251  |  0.03985149072508777  |  1.1865423789851721 |
| 01584.png | 6.573151535640998  | 30.592647672032935 | 6.249210020780263  | 3.2598474434958113 |   0.6873438081603866   |  0.837169686797188  |  0.03480769553596599  |  1.3949729583836428 |
| 03438.png | 6.738958237327362  | 35.91581370606651  | 6.561069827974406  | 3.0977769579022176 |  0.29924208359404403   |  0.645150109580693  |  0.038554956480020997 |  1.2610897045693565 |
| 01729.png | 5.860811571589697  | 27.92539519048446  | 5.852869247715952  | 2.7241888830128556 |  0.12451958603729897   |  0.6827358476146488 |  0.04309863055553461  |   1.35212567915407  |
| 02337.png | 6.043050582419437  | 19.92719397107931  | 4.240685956826785  | 3.9800742559183986 |  -0.36291882240876405  |  0.5508895901880555 |  0.08957280252666801  |  1.285026167298005  |
| 00449.png | 6.700620884834205  | 38.47839711429539  | 3.4183923423741995 | 2.5955766216510536 |  -0.7255943491713036   |  0.9483947413120586 |  0.03042832000378775  |  1.6937705235962301 |
| 01913.png | 5.952588200420082  | 43.704270300859754 | 4.897586983726725  | 1.4867720395835575 |  -0.4201919501547807   | 0.17786385147137432 | 0.0011560637831239885 |  1.0484796338663194 |
| 04026.png | 7.109143817494247  | 36.71841306004103  | 4.250427660422535  | 3.3760338785153743 |  -0.6394285020358855   |  0.9560686115091467 |  0.055950309374145774 |  1.434414282767671  |
| 03100.png | 6.721033775944229  | 36.71705146920408  | 5.8997623334838885 | 3.6178102566795043 |  0.34603734414792564   |  0.7482491020500037 |  0.03640163426098711  |  1.3188163312982333 |
| 02762.png | 6.395905002214688  | 21.04821936442977  | 3.456528718046035  | 1.986023461813905  |  -0.6225146972169906   |  0.8918371015444166 |  0.013309776838120754 |  1.644250177154049  |
| 01017.png | 6.669427042833655  | 27.90882059355464  | 4.523576241441555  | 2.565742050655644  |  -0.5845743898497895   |  0.8818821338844087 |  0.012873438397923145 |  1.6248060761502423 |
| 02473.png | 6.385897764313101  | 34.35929913081324  | 5.940365681787826  | 3.2248115759211764 |  0.12433919707548777   |  0.6512282470128743 |  0.05861640942031091  |  1.2759453165208328 |
| 02369.png | 6.3667755029609125 | 28.03426548624508  | 4.642350019773068  | 3.896806223214738  | -0.022358395268753127  |  0.6613972081228208 |  0.06298507000378487  |  1.3137126912357155 |
| 02405.png | 5.989558498690487  | 22.86221387735475  | 3.8625751183042563 |  3.80296130673058  |  0.06498125741641105   |  0.5579924463606654 |  0.04514432148560159  |  1.402106468623271  |
| 01608.png | 6.591525664488653  | 29.97414911446552  | 6.541245510180254  | 3.0732180092050947 |   0.5545462924998518   |  0.7998131187419822 |  0.03056861371120006  |  1.387417307558473  |
| 00370.png | 5.9144305171138525 | 19.64221724051533  | 3.715041904540611  | 2.3618337337037865 |   0.6040900789965514   |  0.7785737658225154 |  0.034887208582366706 |  1.5779386000699396 |
| 02860.png | 7.147943642713588  | 36.88461157862218  |  9.23771286405837  | 2.741384157319498  |  -0.09431719698514315  |  0.7280025721703618 |  0.07092994890420674  |  1.2222774849223286 |
| 02757.png | 6.341195611880774  | 21.972401281173454 | 3.0198447813960843 | 2.2255341025674142 |  -0.7460235170143266   |  0.8924009520019913 |  0.03602134753520748  |  1.7346950648081263 |
| 02658.png | 6.758839000943255  | 58.19165399471829  | 4.944473618113822  | 1.2866187730516279 |  0.26684134837228934   | 0.17486159940482193 | 0.0012765933122617565 |  0.9862460905194916 |
| 02073.png | 7.150105529566335  | 42.70885549796533  | 6.781092685442727  | 3.213872495874045  |   0.3962731160212472   |  0.6882484952924932 |  0.02340406841287241  |  1.2617625123673792 |
| 03375.png | 6.926909099020243  | 40.81245032334007  | 8.627420992745083  | 2.9572625239673034 |  0.06215304309108588   |  0.686854919143465  |  0.037412349399041374 |  1.213101280701982  |
| 03600.png |  6.98530996947915  | 37.44749099786048  | 7.080675001394534  | 3.1913073004801262 |   0.6434805885598531   |  0.6458050292397096 |  0.02649296136346002  |  1.201288090335416  |
| 00147.png | 6.553790597213274  | 29.52992230761096  | 6.053311968534566  | 2.6614499984430937 |  0.07423793511249316   |  0.9163637773666561 |  0.050079982726282536 |  1.4860136973591418 |
| 00196.png | 6.813149027460426  | 31.676605846851153 | 7.562206092004355  | 2.7904820988166468 |  -0.1585462605183695   |  0.9859635194274973 |  0.05816523303535998  |  1.3384665718620776 |
| 00031.png | 6.451241210702611  | 26.386669180101816 | 5.363357972250164  | 2.748050453535215  |  0.33002839505261516   |  0.8580277102450629 |  0.04959872795447538  |  1.5220759460073947 |
| 01454.png | 7.3142489604738445 | 59.41626745786542  | 5.044293908026991  | 2.998918977367307  |   0.1043081186577159   |  0.9137823417163504 |  0.016743131744354777 |  1.574022737364805  |
| 01034.png | 5.726323941820316  | 23.24758247531953  | 3.7659524874125845 | 3.0082915391387366 |  0.36455800895155577   |  0.7426025479112531 |  0.038014313680207246 |  1.5881945144947323 |
| 03769.png | 6.9757088921795525 | 34.266843472993074 | 7.063214468996246  | 2.380315141696207  |  -0.00749718549082716  |  0.6941996318126711 |  0.020819257210063776 |  1.3432006202156588 |
| 01270.png | 6.672230214069584  | 28.387491757338477 | 4.6201806115867114 | 2.5782738329313615 |  -0.4020625782017475   |  0.9477704455749212 |  0.045105664991187525 |  1.5970488407285763 |
| 01760.png | 6.125523076044214  | 34.28762380630007  | 5.156849515377154  | 3.364518975747553  |  0.38091976684070317   |  0.6757231255092613 |  0.04852024864126958  |  1.4050563589916605 |
| 02821.png | 7.1385102740749025 | 44.44326545087092  | 7.530700121898718  | 2.993374263141562  |   0.406062641475459    |  0.7728101878342029 |  0.07389774732551706  |  1.2897246685367079 |
| 02278.png | 6.497738012942369  | 32.937311989391944 | 5.8633627607589505 | 3.5554811751451734 |   0.1062075465426728   |  0.6966104187271699 |  0.05749783259597442  |  1.2810161356237604 |
| 03219.png | 6.977646311495899  |  37.1704364754102  |  5.85694990553664  | 3.626331022594859  |   0.5562480039479447   |  0.7164064107466639 |  0.04066050110343926  |  1.284849986880324  |
| 00255.png | 6.245613818269322  | 25.87083888625152  |  4.04047451171893  | 3.1092865593250343 |   0.5423942053176715   |  1.0119822418968702 |  0.05729202307241057  |  1.6541077180063182 |
| 00926.png | 6.168169506800942  | 21.20877285672238  | 5.357772009429493  | 2.1244619535180194 |  0.32808084602773313   |  0.7607354617534414 |  0.024512147997485217 |  1.4661520196360287 |
| 00587.png | 6.642542418240401  | 32.11144387244899  | 3.141710709980583  | 2.7359356208575947 |  0.11456795266821315   |  0.9721121543892496 |  0.034666912499504585 |  1.6821232539508735 |
| 01331.png | 6.798689096204906  | 47.99510540002913  |  9.71341728611827  | 0.6506046412816031 |  -0.10681747160322874  |  0.2324091974069981 |  0.000489526093509431 | 0.47466440181894204 |
| 01994.png | 6.728687130078474  | 29.371282346375054 | 5.373403584556205  | 3.7545650722121353 |  0.37244737968172903   |  0.7338779490229681 |  0.04274253795437843  |  1.2891525521567335 |
| 00512.png | 6.748740557051866  |  35.2628767694583  | 6.0305803135989935 | 2.7200731143418473 |  -0.3640068724704661   |  0.859763925938023  |  0.02139282749585233  |  1.5384055963861987 |
| 02163.png |  6.31311313483087  | 31.024779715605558 | 5.663191299976393  | 3.4789435632482606 |  -0.1419948830346108   |  0.7066168437711791 |  0.05655797916054011  |  1.291351863037524  |
| 00202.png | 6.628121211147908  | 29.729387960642526 | 6.345395553957752  | 2.8883797961093394 |   0.2337455283473111   |  0.9728666822352758 |  0.06772305379833456  |  1.4026705736287477 |
| 00349.png | 5.876552321401058  | 18.92181950816862  | 3.590723221453331  |  2.33061179220098  |   0.6277804508417567   |  0.7703524829307471 |  0.03541968763274311  |  1.5879144837852435 |
| 00725.png | 7.2720292785271505 | 39.68063114392636  | 10.379621018413548 | 2.1796871746774187 |  -0.2513874321014635   |  0.7480210633677769 |  0.015263641126564179 |  1.195859417275635  |
| 01505.png | 7.121013647076587  | 35.93009793198932  | 10.563959853494636 | 1.9112909232439415 |  -0.32545252896954024  |  0.7323682975792061 |  0.011358038037991552 |  1.1849300004805015 |
| 00621.png | 6.9361440409513415 | 39.263472411393685 | 3.645892183873842  | 3.034380365228585  |  0.32951256469200374   |  0.9491057771051427 |  0.034492966046513585 |  1.6702709006861045 |
| 02195.png | 6.314130250406612  | 32.186134187328854 | 6.266671945834089  | 3.3584789914455584 |  -0.28882021984170353  |  0.6542544059855683 |  0.06061613838407868  |  1.2596066625005113 |
| 02572.png | 5.865422360086435  | 21.32801453497308  | 4.236160961518326  | 3.8576342161773867 |  -0.11186247409183896  |  0.6111325188010431 |  0.11092539997994781  |  1.3553536775701316 |
| 00760.png | 7.018261700107118  |  43.4428854145823  | 7.9999688050534985 | 2.7061038975980756 |  -0.02197222308768909  |  0.8822112898052753 |  0.018587552848682142 |  1.2981452220727916 |
| 00489.png | 6.593333507412154  | 34.58357477700845  | 3.8047913101580426 | 2.5457198851537446 |  -0.6399359937958359   |  0.8781527397711864 |  0.03222614094850063  |  1.6526138136451216 |
| 00525.png | 6.476025029251396  | 36.934503719338494 | 5.230112834509947  | 2.216773973967725  |  -0.4604946764447673   |  0.8620867924938822 |  0.01803302489647524  |  1.590571969831676  |
| 01212.png | 5.856914643784713  | 20.08823497889706  | 4.949821121452118  | 2.457530040566066  |  0.17382229066703664   |  0.8691790898738598 |  0.05640124724485943  |  1.5219328230879015 |
| 01828.png | 6.292655037538802  | 38.40508395302518  | 5.209750368681169  | 2.118451634092267  |   0.5812249379959296   |  0.3570211341759401 |  0.009563449666485783 |  1.2007812093010628 |
| 01156.png | 5.881068774206833  | 25.22946687426625  | 2.610531001489631  | 3.2196470376649287 |  -0.7987524627366428   |  0.9120544773628425 |  0.07626183229303077  |  1.6702374517001497 |
| 02120.png | 7.303872198642135  | 54.830700886599864 | 5.194952025398641  | 3.9022649074811904 |   0.6991128564187086   |  0.911039237474047  |  0.05111191733701887  |  1.2941657124596602 |
| 02296.png | 6.488619565287658  | 35.06802753006802  | 5.935666518750545  | 3.4683729434313992 |   0.2484775510266124   |  0.6827666653120685 |  0.04941543932002996  |  1.2728928122604453 |
| 01673.png | 6.759256456605794  | 31.288518737525276 | 7.594421557216129  | 2.754223965134985  |  0.32134134733834674   |  0.811469085627194  |  0.038043679080562005 |  1.368012708673247  |
| 01867.png | 5.368025289702287  | 17.561431414145066 |  3.87045803342234  | 3.031223355142703  |   0.3152053604228855   |  0.5959229676423505 |  0.07881028166269753  |  1.4748363064864893 |
| 03813.png | 7.054416310579196  | 35.903160460759814 | 8.447248861538693  | 2.8174047799107966 |   0.1320365952965143   |  0.7989259823319701 |  0.07649719713992405  |  1.2736856626605737 |
| 03640.png | 7.039263159233787  | 38.190668780228805 | 7.654411284165867  | 2.9839907210439756 |  -0.0628991038450791   |  0.6695048542601437 |  0.024111850220900066 |  1.2394144653602226 |
| 00461.png | 6.432630726933073  | 27.86747540657723  | 3.6689038778342824 |  2.3774936426595   |  -0.8037122717583556   |  0.8171848116966128 |  0.02940616449351863  |  1.638547797124518  |
| 01043.png |  5.57792868122197  | 23.897800742650045 |  4.12251329192396  | 2.8692548865058907 |  0.39662189027814215   |  0.7826713008826494 |  0.035640912011723945 |  1.560415321935725  |
| 01320.png | 6.7516048637288435 | 46.962287119970796 | 9.636230102521996  | 0.6301457015770059 |  -0.12075327951688487  | 0.24325702731636378 | 0.0004631388720432104 |  0.4826229937229799 |
| 01442.png | 6.733062076230615  | 26.364043275974293 | 8.002189281244208  | 2.0309765799947828 |  -0.1860909807750269   |  0.9557542652442238 |  0.041717032252854475 |  1.381755598197965  |
| 00716.png | 4.989355208099181  | 13.705103667381373 | 2.147262652666328  | 2.254221476083621  |   0.8421854492870781   |  0.7633270231197985 |  0.06310879169634454  |  1.6936397989740184 |
| 00320.png | 6.314101458282111  | 28.346422592526444 | 4.984460566556263  | 2.9319161232086373 |   0.6277612313289828   |  1.0084495140072685 |   0.0364304823935601  |  1.552127596693801  |
| 03708.png | 7.008271728606747  | 35.103310829285334 | 7.417892344833461  | 3.140974896773921  |  0.24012430961652942   |  0.6633851673147797 |  0.04775403024181638  |  1.2434238265552293 |
| 02720.png | 7.112901262156701  | 38.12153797738924  | 6.496282495542916  | 3.374695938977892  |   0.3691914461984978   |  0.6812618695163074 |  0.06811041946608656  |  1.2982893344965483 |
| 02846.png | 7.197558492297459  | 44.91949773809233  |  8.65518525007757  |  3.14363728931345  |   0.2727182408926099   |  0.7891615501169031 |  0.05120378940355252  |  1.2129439693356678 |
| 02667.png | 6.7837747774795325 | 62.357115948639105 | 4.605276225807072  | 2.107389252291358  |  0.12390417053422013   | 0.12753450580403353 |  0.003804230919639346 |  0.9262268731116554 |
| 01486.png |  7.31905278752125  | 59.507574422871215 | 5.003850515415885  | 2.988572551187187  |  0.027188318748758232  |  0.9145404517206254 |  0.017422383386378616 |  1.5717409143073822 |
| 00916.png | 6.244226698366005  | 24.99290124726513  |  5.00332091972666  | 2.508109363579565  |   0.3638410009245448   |  0.8077766614777195 |  0.03089197579676522  |  1.4974548527098532 |
| 00409.png | 6.622603960906304  | 35.78452047732552  | 4.670479758976601  | 2.5726897656988488 |  -0.5664055748511977   |  0.9060035875705377 |  0.025326610596895983 |   1.62234990231171  |
| 00787.png | 6.4616254340985595 | 23.279976767733267 | 5.5024971082728475 | 1.9926642847412621 |  -0.06003008134856008  |  0.7415603601926074 |  0.031625136356757046 |  1.291014737063026  |
| 00033.png | 6.720715475929259  | 30.459807674504543 | 6.303902190809101  | 2.264316297033111  |  -0.27158477581128815  |  0.8262183590431681 |  0.021328625657559337 |  1.4694472340956475 |
| 00274.png | 6.264033023186252  | 27.10250889283757  | 4.339165268358049  | 3.0391925488993934 |   0.5718714025029139   |  1.0265461367208824 |  0.05846616866959254  |  1.6023584875396637 |
| 01299.png | 6.555064565679093  | 34.639004608778606 | 4.071239268958346  | 2.776013173650358  |  -0.8610460691601016   |  1.0955576450903237 |  0.03942619215754838  |  1.6841514241143292 |
| 01845.png | 5.298906456692229  | 13.435116548367185 | 4.114516693483315  | 2.8807738934894753 |   0.5993479866973979   |  0.723990293575175  |  0.10935121779673912  |  1.3992739362684203 |
| 00555.png | 6.797929693940748  | 35.06099956198736  | 4.783192896874972  | 2.3869144250095204 |  -0.6953239834696254   |  0.8287166609226857 |  0.01979026851742314  |  1.6236912337185847 |
| 01640.png | 6.618103968343894  | 31.150368496895656 | 6.633902104416333  | 3.1178226730278915 |   0.5006965014203103   |  0.8252407002431187 |  0.04063957075104926  |   1.39999117102156  |
| 00389.png | 6.662339185058783  | 32.48246252940945  | 3.889038400152917  | 2.5081675794274183 |  -0.5368562831305633   |  1.0744597439504038 |  0.043450349740916876 |  1.641442123535228  |
| 02352.png | 6.449414704728273  | 31.53831420679376  | 3.923999570752539  |  4.3565128535692   |  -0.10664614463840713  |  0.6734772396116218 |  0.09392343129352194  |  1.338093651941093  |
| 00671.png | 6.378485054691561  | 24.579321224321497 | 3.731959636857821  | 2.2258896960293395 |  -0.6687146497404258   |  0.9211900676934663 |  0.037345226108344544 |  1.6266071469340697 |
| 01670.png | 6.814625304522764  | 31.57681629330656  | 7.626411051389726  | 2.586839635182752  |   0.2921033820506828   |  0.820171429210452  |  0.03913981300983542  |  1.3554503499462187 |
| 01659.png | 6.610418940069791  | 30.925377860629943 | 6.669927776683945  | 3.1144430107919554 |   0.4784834370466878   |  0.8237172601024327 |  0.04001701467429692  |  1.3975211780609562 |
| 02869.png | 7.104891313665796  | 36.93818287280677  | 7.916937052084656  | 2.844981582737037  |  -0.09820513121708832  |  0.7023143147286621 |  0.07197069018386178  |  1.2246891253745418 |
| 00441.png | 6.529763374878971  | 34.26705697576573  |  3.9244149822919   | 2.3823171244548242 |  -0.7779118639222903   |  0.8894912820699317 |  0.02114620228053548  |  1.6736654256045793 |
| 03381.png |  6.76150348423595  | 37.568329892883426 | 7.040122860489885  | 3.1346708879801244 |  0.22235286308895244   |  0.7198292968723823 |  0.03611565165190817  |  1.2307037830995051 |
| 02956.png | 6.738460363698997  | 41.05725701175311  | 7.557126244918784  | 2.8698295741664586 | 0.0025371165235530957  |  0.7147977652070767 |   0.0355083079235338  |  1.216849053835827  |
| 00896.png | 6.129756668635011  | 25.978691812075553 | 5.255697854113966  | 2.3678208889301695 |   0.3432226006854011   |  0.7885150066495861 |  0.030382777608700878 |  1.4731454847383934 |
| 00762.png | 7.068478330100007  | 40.90049905262023  | 8.462860573144658  | 2.460436312658169  |  -0.04386213864707622  |  0.8782537715446536 |  0.016994935588467135 |  1.2694413785568346 |
| 00950.png | 6.131375729381597  | 25.117969798112433 | 3.5268171317805725 | 2.814480979756685  |   0.5779571499588512   |  0.7895511866437493 |  0.04530438226571376  |  1.591716974758414  |
| 00107.png | 6.753196478414915  |  27.4778144536723  | 6.238211786793079  | 2.217593502543047  |  -0.30067167882818285  |  0.897813168896833  |  0.037684934638195826 |  1.486145479898605  |
| 02624.png | 7.117750356517629  | 40.20050570669966  | 5.583628129690676  | 4.262995547193467  |   0.4133517587504775   |  0.7698712874964682 |  0.06251849662453926  |  1.245041875640063  |
| 03719.png | 7.001400254104191  | 34.89453661488837  | 7.135874763275903  | 3.1903922082954557 |   0.2903719832541532   |  0.6178463677665538 |  0.04467351407351286  |  1.2317455792790306 |
| 00537.png | 6.813810309048274  | 37.50788021107158  | 4.3687454701163535 | 2.4719434617822844 |  -0.5734726503579418   |  0.8226426398589899 |  0.02247087845865388  |  1.6590308796488227 |
| 00676.png | 6.032607199672869  | 20.179113878097986 | 3.8110801152449736 |  2.08999433116934  |  -0.9016567304238301   |  0.8844671481330375 |  0.04422795644494689  |  1.6223774739454813 |
| 00738.png | 7.102928535484636  | 43.322472239565116 | 9.118676358488221  | 2.7486610102140285 |  0.02760920557813651   |  0.7654110693662023 |  0.014099214973969432 |  1.234729953608496  |
| 02011.png | 6.749537642135451  |  29.4648138845524  | 4.392719616153844  | 3.9133212880251254 |   0.4488285136863742   |  0.7359512435690225 |  0.042188576330664626 |  1.327533432714458  |
| 00443.png | 6.597143585569072  |  33.9846193238497  | 3.751038806684377  | 2.2830849122703043 |  -0.8320407101338045   |  0.7598359492337406 |  0.017459014810736487 |  1.5799367191370073 |
| 01413.png | 7.462004496169754  |  44.3314605538954  | 10.84599640769097  | 2.367051970388149  |  -0.33266675248456057  |  0.8233620048612932 |  0.03968348448355241  |  1.1872526088528113 |
| 02754.png |  7.15145044171865  | 38.00657932127312  | 9.158213180108987  | 2.592455943894491  |   0.2260014478337295   |  0.8095769784923585 |  0.038534071376728665 |  1.2375723047894684 |
| 02731.png |  7.01619280633032  | 35.922394112680244 | 6.302956933108374  | 3.4425126815909524 |  0.37945185356286343   |  0.674662087516726  |  0.06411268378637218  |  1.316027500783532  |
| 00661.png |  6.65368132317736  | 29.497749832262055 | 3.7853122021169234 | 2.765592917340653  |  -0.6510519705287711   |  0.879560812257157  |  0.03833992157807877  |  1.6204447074805377 |
| 02522.png | 6.634561719280236  | 36.067247881841475 | 5.3564286797906515 | 3.8837047264370606 |  -0.1898224120585007   |  0.7045617452386277 |  0.06630046722756869  |  1.2914120161158786 |
| 01393.png | 7.473430176385484  | 44.66643665941554  | 10.839753984148784 | 2.3271433382657722 |  -0.32620448713933287  |  0.8240433511728296 |  0.04008588911562831  |  1.187509906664304  |
| 01710.png | 5.876885924208279  | 27.81909884125833  | 5.8324539034024525 | 2.7543338236704624 |  0.15837194404142466   |  0.6703678357435718 |  0.04205852545549118  |  1.3542385821229062 |
| 00910.png | 6.137222263323876  | 26.35976553556056  | 5.376491822353779  | 2.3510134816222816 |   0.3631515784824801   |  0.8110511830448125 |  0.029850635463670117 |  1.4642352275336896 |
| 03045.png | 7.083422491651524  | 42.28354527014447  | 7.811327747383361  | 3.160350391322986  |  0.32647793307758793   |  0.6628606640248436 |  0.06218084153290799  |  1.2587851334970348 |
| 00011.png | 6.769895069202127  | 30.72734606614201  | 6.446426599448103  |  2.3517253533912   |  -0.25015810444119907  |  0.8396524203143441 |  0.021619755792756316 |  1.4517919657548854 |
| 01789.png | 6.113639357582873  | 34.31339297434519  | 5.201334497673455  | 3.373140109862447  |   0.3883684770094265   |  0.6809638943283576 |   0.0477399765764293  |  1.3940747300198577 |
| 01345.png |  5.42682803486194  | 21.63964250973323  | 4.377776614430956  | 2.7036393273799137 |   0.5526692013993632   |  0.704135688099047  |  0.07420629067245721  |  1.4116808199307271 |
| 03409.png |  6.45111915540449  |  37.159200852541   | 6.3863091071160225 | 3.2956369633672287 |  0.18172254168770816   |   0.63578362392797  |   0.0454946628415588  |  1.2479395880320636 |
| 02533.png | 6.236795577074744  | 21.15731895507247  | 6.183724053220025  | 2.5617737244686203 |  0.18872839397397842   |  0.8922250910449212 |  0.12496662375167811  |  1.4613794331717433 |
| 01186.png | 6.764506326897847  | 29.56163228383269  | 5.645759292925135  | 2.5118415895476907 |  0.03491207231776888   |  0.8400083054972298 |  0.023337541272554576 |  1.4985378169057668 |
| 00210.png |  6.6985834286349   | 31.463574225383795 | 5.860134498782416  | 2.8363320299977404 | -0.002448548492003877  |  1.0117970472994156 |  0.07118673524956765  |  1.4111443317647585 |
| 01511.png | 7.1283599286826105 | 36.18237223886798  | 10.587115785418701 | 1.947960867784698  |  -0.3040614344793224   |  0.7355395727597476 |  0.011846255123520905 |  1.1881496124537265 |
| 00769.png | 6.970603562021986  | 41.89988519658026  | 8.166602091747423  | 2.585852899671391  |  0.12574300286670909   |  0.8694424030171694 |  0.020635022117126818 |  1.2774771060784496 |
| 01912.png | 5.9801747080233225 | 44.69921606925913  | 4.8902879778122035 | 1.5169778795080924 |  -0.4038779742447439   | 0.16930937456107537 |  0.001475182657684746 |  1.0384628970377063 |
| 00633.png | 6.783157376533724  | 36.279275441494896 | 3.892491704138044  | 2.5333613834891184 |  -0.5924876756489372   |  0.8965797995096474 |  0.025396641876111816 |  1.7043792663604975 |
| 02440.png | 6.043121862624058  | 27.072643170278507 | 5.129895126094098  |  3.30801553197575  |  0.04514168220078556   |  0.657360206384351  |   0.0546775422686852  |  1.3558674004561735 |
| 02310.png |  6.60590539736039  | 39.369025976308144 | 5.206940674660463  | 4.181244023573191  |  -0.38719548303556045  |  0.6068490808275426 |  0.05889795509450259  |  1.2704922844095987 |
| 03354.png | 7.121636565178899  | 45.14552825944263  | 8.588161180313964  | 3.0214179676991515 |  -0.11335578638848744  |  0.7171170415375261 |  0.02869808429960424  |  1.245617040650313  |
| 00388.png | 6.493736148266059  | 27.266619741145167 | 3.311942797934973  | 2.621909581120316  |  -0.4094923090716286   |  1.0254336991357964 |  0.04244573220065926  |  1.649363740568897  |
| 02651.png | 6.687994371499841  | 53.07749349587437  | 4.847701851013961  | 1.1527963136369332 |  0.25927821184821087   |  0.1892196023516305 |  0.001381378140694692 |  1.0344011141557596 |
| 00867.png | 6.5252749637943035 | 27.12835448481827  | 8.171470284725782  | 2.438580077875191  |   0.3654973887333434   |  0.7862626517172506 |  0.024809954523342795 |  1.2832363049115472 |
| 01301.png | 6.748619071066566  |  46.9691132056945  | 9.607270084674493  | 0.6381897515968109 |  -0.11847280011496567  | 0.24388678723827434 | 0.0005083777060123506 | 0.48466250352712414 |
| 02478.png | 5.922200996265623  | 31.89306983386409  | 5.627457261327836  | 2.9449207943431017 |  0.22579609909836101   |  0.7237754669891971 |  0.07879181027753564  |  1.3501199290205852 |
| 01471.png | 7.309078852135985  | 58.941563899612824 | 4.972218734491634  | 2.972161022875079  |  0.004976157976117892  |  0.9164999097599213 |  0.018206984780169366 |  1.5708172358315422 |
| 03143.png | 6.433556558327859  | 32.36523931368198  | 6.093839832563834  | 3.5059559720654088 |  0.35422059060438904   |  0.7689928477734523 |  0.03800902901630012  |  1.3025297474056479 |
| 00386.png | 6.742686195527149  | 32.97192079113858  | 4.528979884475959  | 2.228537766733475  |  -0.48806653193997485  |  1.0199379346794903 |  0.030668547088220054 |  1.627520800437991  |
| 00719.png | 7.238507759232615  | 38.979880374495906 | 10.503346137732136 | 2.2841600297101516 |    -0.2660291882632    |  0.753902456842491  |  0.014929189174501917 |  1.1890951545066266 |
| 02213.png | 6.471593726992499  | 35.834902433043645 | 6.643160474027996  | 3.3265446320430008 |  -0.15242651817902347  |  0.6479281262234156 |  0.05201063600258381  |  1.2343953483738983 |
| 02486.png | 6.085279770337355  | 33.178218506249266 | 5.344623250837715  |  3.56878692379279  |   0.3715950583961591   |  0.7558204898174194 |   0.0621816802464886  |  1.3631241558059175 |
| 00479.png | 6.660384810289418  | 39.69080976115791  | 4.716440998109669  | 2.443887560881283  |  -0.5860470384758989   |  0.8410437368938355 |  0.01679264801356981  |  1.6194016623024634 |
| 00421.png | 6.826914963232341  | 34.52216075092373  | 4.6925576151582975 | 2.834565695957079  |  -0.5507932531881984   |  0.843211926269267  |  0.027373750064147127 |  1.5868556280429682 |
| 00965.png | 6.527009231178564  | 28.011822566780836 | 4.596662405636178  | 2.5856400912199877 |   0.4024273621536845   |  0.8285231069744289 |  0.02158976721526962  |  1.5563869946916729 |
| 01494.png | 7.170158549473361  | 36.37168973556281  | 10.561217000336173 | 1.7890318257668776 |  -0.20738705218181733  |  0.7201581643565338 |  0.010788508067239294 |  1.1808855101374554 |
| 04160.png | 6.419577150443023  | 31.598445361279772 | 6.5209741374859975 | 2.7973601368851124 |   0.542452537087696    |  0.7156253218826276 |  0.029636128741298687 |  1.3892454300171193 |
| 00405.png | 6.649688596360086  | 31.58830225533829  | 5.004616951587505  | 2.1059383534257807 |  -0.43635413175053733  |  0.9446547607615661 |  0.028331987271475997 |  1.5905830779850798 |
| 00150.png | 6.887286480131533  | 36.18469722174864  | 6.612068615941294  |  2.57620673258489  |  -0.08717222765366789  |  0.963874024711642  |  0.03150779142142657  |  1.4279776740242687 |
| 00712.png | 6.4146261607718404 | 25.84551376088732  | 3.918208365159341  | 3.203117370017526  |   0.6348556110450132   |  0.7555179785773649 |   0.0365996877920337  |  1.5779690983555188 |
| 00527.png | 6.780814646677603  | 37.593030519122976 | 5.234389367677281  | 2.5566366592688983 |  -0.4040552154679907   |  0.869514430854773  |  0.022124527213611356 |  1.5784982437859671 |
| 00290.png | 6.215027613740987  | 26.583122099939114 | 4.267863836966178  | 2.974981012550039  |   0.578312618804379    |  1.0315998166894835 |   0.0586705360036084  |  1.6090659017434543 |
| 03289.png | 6.681476599071296  | 39.20119675734764  | 8.069494324427394  | 2.866286414543137  |  -0.3292133752393162   |  0.688230714897615  |  0.04208124408664139  |  1.1920900343285736 |
| 00726.png | 7.268193430373175  | 39.68439482283766  | 10.39841565989372  | 2.1823956787539345 |  -0.22433218754743278  |  0.7453291088455803 |  0.015433062618079899 |  1.1897609265770255 |
| 00097.png | 5.969663531730952  | 21.721782809629516 | 5.002457868147081  | 2.821109944388085  |  0.24614413909573957   |  0.8868273057973772 |   0.0748065070952105  |  1.5160112854603838 |
| 00829.png |  6.86187166198407  | 32.43937059272407  |  3.94089021151021  | 2.9225010946252636 |  -0.3522787825502143   |  0.8573942625601029 |  0.024930589655575854 |  1.6638119516212266 |
| 00149.png | 6.870228116575252  | 36.74204112102986  | 6.391030302838075  | 2.5536818106258212 |  -0.16396939229668883  |  0.9673439043994707 |  0.032975704018307274 |  1.4467420162058975 |
| 01482.png | 7.3195473011586865 | 59.10979549157523  |  4.95195720599204  | 2.9887568307753627 |  0.013710529041077783  |  0.9122654501186557 |  0.017184865132342873 |  1.5734962500227394 |
| 00606.png | 6.681697262814152  | 36.30616923716536  | 3.5573970819374834 | 2.6158940477086463 |  0.09236007921881972   |  0.9703957156362276 |  0.03935059028580614  |  1.6734466324696733 |
| 02233.png | 6.335965608906588  | 32.15778911809195  | 5.057445968451599  | 3.843553478081193  | -0.022992568056642196  |  0.6319731573016385 |   0.0713237121667003  |  1.2880744009333132 |
| 03019.png | 6.806792299174279  | 32.75115889384233  |  6.8849021038314   | 3.244232656475642  |  0.20084471248286553   |  0.6641048863590419 |  0.08179755041843259  |  1.323420046916052  |
| 00334.png | 6.779607405780552  | 41.93039721081217  | 2.593056538618523  | 3.481468522232945  |  -0.6635079435659986   |  0.9665781080960244 |   0.064633091088941   |  1.680031214869028  |
| 02455.png | 6.3419402091080705 | 31.508401122471742 | 5.6556342065762815 | 3.1828325273196105 | -0.030939019173292198  |  0.5985297513178025 |  0.04849130734313374  |  1.3433132511874777 |
| 01811.png | 6.303830535839911  | 39.11357391948184  | 5.423806083745931  | 2.1345628470773956 |   0.6431327510895425   | 0.35988025270178076 |  0.006902229171883563 |  1.1689336428337245 |
| 02180.png | 6.616193677569317  |  39.3696285205726  |  6.98505881245191  | 3.3904848845108084 | -0.016752333838050082  |  0.7387305266509756 |  0.044099997162979604 |  1.2352506153306528 |
| 01093.png | 6.712157271173288  | 27.22848289992298  | 4.809246914265236  | 2.358410507895758  |  -0.5472079630164774   |  0.8385156563814353 |  0.012536752085197484 |  1.6117666116289189 |
| 02786.png | 7.106452632801279  | 36.193737094883936 | 8.282257843879345  | 2.945392581808284  |  0.057739558674777036  |  0.6875272172440171 |  0.05532519190227102  |  1.2170118098964635 |
| 01492.png | 7.342389464899378  | 58.73927463437575  | 5.078588884796478  | 3.001778959130615  |  0.013118477419071801  |  0.9116689931374297 |  0.015958838218752148 |  1.5587265882500088 |
| 04053.png | 6.756647807395059  | 37.51629106799199  | 4.866901902016665  | 2.4666743252313266 |   -0.487168763545955   |  0.9087701320062557 |  0.02595925051802951  |  1.5772752387645435 |
|    mean   | 6.576710052897053  |  33.568889200385   | 5.712944565013583  | 2.815019390225177  | -0.0063958300065595705 |  0.771755685252787  |   0.0402946455176396  |  1.403130076596844  |
+-----------+--------------------+--------------------+--------------------+--------------------+------------------------+---------------------+-----------------------+---------------------+